L1_T0
     dw  $0000,$0100,$0200,$0300,$1000,$1100,$1200,$1300,$2000,$2100,$2200,$2300,$3000,$3100,$3200,$3300
     dw  $0001,$0101,$0201,$0301,$1001,$1101,$1201,$1301,$2001,$2101,$2201,$2301,$3001,$3101,$3201,$3301
     dw  $0002,$0102,$0202,$0302,$1002,$1102,$1202,$1302,$2002,$2102,$2202,$2302,$3002,$3102,$3202,$3302
     dw  $0003,$0103,$0203,$0303,$1003,$1103,$1203,$1303,$2003,$2103,$2203,$2303,$3003,$3103,$3203,$3303
     dw  $0010,$0110,$0210,$0310,$1010,$1110,$1210,$1310,$2010,$2110,$2210,$2310,$3010,$3110,$3210,$3310
     dw  $0011,$0111,$0211,$0311,$1011,$1111,$1211,$1311,$2011,$2111,$2211,$2311,$3011,$3111,$3211,$3311
     dw  $0012,$0112,$0212,$0312,$1012,$1112,$1212,$1312,$2012,$2112,$2212,$2312,$3012,$3112,$3212,$3312
     dw  $0013,$0113,$0213,$0313,$1013,$1113,$1213,$1313,$2013,$2113,$2213,$2313,$3013,$3113,$3213,$3313
     dw  $0020,$0120,$0220,$0320,$1020,$1120,$1220,$1320,$2020,$2120,$2220,$2320,$3020,$3120,$3220,$3320
     dw  $0021,$0121,$0221,$0321,$1021,$1121,$1221,$1321,$2021,$2121,$2221,$2321,$3021,$3121,$3221,$3321
     dw  $0022,$0122,$0222,$0322,$1022,$1122,$1222,$1322,$2022,$2122,$2222,$2322,$3022,$3122,$3222,$3322
     dw  $0023,$0123,$0223,$0323,$1023,$1123,$1223,$1323,$2023,$2123,$2223,$2323,$3023,$3123,$3223,$3323
     dw  $0030,$0130,$0230,$0330,$1030,$1130,$1230,$1330,$2030,$2130,$2230,$2330,$3030,$3130,$3230,$3330
     dw  $0031,$0131,$0231,$0331,$1031,$1131,$1231,$1331,$2031,$2131,$2231,$2331,$3031,$3131,$3231,$3331
     dw  $0032,$0132,$0232,$0332,$1032,$1132,$1232,$1332,$2032,$2132,$2232,$2332,$3032,$3132,$3232,$3332
     dw  $0033,$0133,$0233,$0333,$1033,$1133,$1233,$1333,$2033,$2133,$2233,$2333,$3033,$3133,$3233,$3333
L1_T1
     dw  $0000,$0400,$0500,$0600,$4000,$4400,$4500,$4600,$5000,$5400,$5500,$5600,$6000,$6400,$6500,$6600
     dw  $0004,$0404,$0504,$0604,$4004,$4404,$4504,$4604,$5004,$5404,$5504,$5604,$6004,$6404,$6504,$6604
     dw  $0005,$0405,$0505,$0605,$4005,$4405,$4505,$4605,$5005,$5405,$5505,$5605,$6005,$6405,$6505,$6605
     dw  $0006,$0406,$0506,$0606,$4006,$4406,$4506,$4606,$5006,$5406,$5506,$5606,$6006,$6406,$6506,$6606
     dw  $0040,$0440,$0540,$0640,$4040,$4440,$4540,$4640,$5040,$5440,$5540,$5640,$6040,$6440,$6540,$6640
     dw  $0044,$0444,$0544,$0644,$4044,$4444,$4544,$4644,$5044,$5444,$5544,$5644,$6044,$6444,$6544,$6644
     dw  $0045,$0445,$0545,$0645,$4045,$4445,$4545,$4645,$5045,$5445,$5545,$5645,$6045,$6445,$6545,$6645
     dw  $0046,$0446,$0546,$0646,$4046,$4446,$4546,$4646,$5046,$5446,$5546,$5646,$6046,$6446,$6546,$6646
     dw  $0050,$0450,$0550,$0650,$4050,$4450,$4550,$4650,$5050,$5450,$5550,$5650,$6050,$6450,$6550,$6650
     dw  $0054,$0454,$0554,$0654,$4054,$4454,$4554,$4654,$5054,$5454,$5554,$5654,$6054,$6454,$6554,$6654
     dw  $0055,$0455,$0555,$0655,$4055,$4455,$4555,$4655,$5055,$5455,$5555,$5655,$6055,$6455,$6555,$6655
     dw  $0056,$0456,$0556,$0656,$4056,$4456,$4556,$4656,$5056,$5456,$5556,$5656,$6056,$6456,$6556,$6656
     dw  $0060,$0460,$0560,$0660,$4060,$4460,$4560,$4660,$5060,$5460,$5560,$5660,$6060,$6460,$6560,$6660
     dw  $0064,$0464,$0564,$0664,$4064,$4464,$4564,$4664,$5064,$5464,$5564,$5664,$6064,$6464,$6564,$6664
     dw  $0065,$0465,$0565,$0665,$4065,$4465,$4565,$4665,$5065,$5465,$5565,$5665,$6065,$6465,$6565,$6665
     dw  $0066,$0466,$0566,$0666,$4066,$4466,$4566,$4666,$5066,$5466,$5566,$5666,$6066,$6466,$6566,$6666
L1_T2
     dw  $0000,$0400,$0500,$0600,$4000,$4400,$4500,$4600,$5000,$5400,$5500,$5600,$6000,$6400,$6500,$6600
     dw  $0004,$0404,$0504,$0604,$4004,$4404,$4504,$4604,$5004,$5404,$5504,$5604,$6004,$6404,$6504,$6604
     dw  $0005,$0405,$0505,$0605,$4005,$4405,$4505,$4605,$5005,$5405,$5505,$5605,$6005,$6405,$6505,$6605
     dw  $0006,$0406,$0506,$0606,$4006,$4406,$4506,$4606,$5006,$5406,$5506,$5606,$6006,$6406,$6506,$6606
     dw  $0040,$0440,$0540,$0640,$4040,$4440,$4540,$4640,$5040,$5440,$5540,$5640,$6040,$6440,$6540,$6640
     dw  $0044,$0444,$0544,$0644,$4044,$4444,$4544,$4644,$5044,$5444,$5544,$5644,$6044,$6444,$6544,$6644
     dw  $0045,$0445,$0545,$0645,$4045,$4445,$4545,$4645,$5045,$5445,$5545,$5645,$6045,$6445,$6545,$6645
     dw  $0046,$0446,$0546,$0646,$4046,$4446,$4546,$4646,$5046,$5446,$5546,$5646,$6046,$6446,$6546,$6646
     dw  $0050,$0450,$0550,$0650,$4050,$4450,$4550,$4650,$5050,$5450,$5550,$5650,$6050,$6450,$6550,$6650
     dw  $0054,$0454,$0554,$0654,$4054,$4454,$4554,$4654,$5054,$5454,$5554,$5654,$6054,$6454,$6554,$6654
     dw  $0055,$0455,$0555,$0655,$4055,$4455,$4555,$4655,$5055,$5455,$5555,$5655,$6055,$6455,$6555,$6655
     dw  $0056,$0456,$0556,$0656,$4056,$4456,$4556,$4656,$5056,$5456,$5556,$5656,$6056,$6456,$6556,$6656
     dw  $0060,$0460,$0560,$0660,$4060,$4460,$4560,$4660,$5060,$5460,$5560,$5660,$6060,$6460,$6560,$6660
     dw  $0064,$0464,$0564,$0664,$4064,$4464,$4564,$4664,$5064,$5464,$5564,$5664,$6064,$6464,$6564,$6664
     dw  $0065,$0465,$0565,$0665,$4065,$4465,$4565,$4665,$5065,$5465,$5565,$5665,$6065,$6465,$6565,$6665
     dw  $0066,$0466,$0566,$0666,$4066,$4466,$4566,$4666,$5066,$5466,$5566,$5666,$6066,$6466,$6566,$6666
L1_T3
     dw  $0000,$0400,$0500,$0600,$4000,$4400,$4500,$4600,$5000,$5400,$5500,$5600,$6000,$6400,$6500,$6600
     dw  $0004,$0404,$0504,$0604,$4004,$4404,$4504,$4604,$5004,$5404,$5504,$5604,$6004,$6404,$6504,$6604
     dw  $0005,$0405,$0505,$0605,$4005,$4405,$4505,$4605,$5005,$5405,$5505,$5605,$6005,$6405,$6505,$6605
     dw  $0006,$0406,$0506,$0606,$4006,$4406,$4506,$4606,$5006,$5406,$5506,$5606,$6006,$6406,$6506,$6606
     dw  $0040,$0440,$0540,$0640,$4040,$4440,$4540,$4640,$5040,$5440,$5540,$5640,$6040,$6440,$6540,$6640
     dw  $0044,$0444,$0544,$0644,$4044,$4444,$4544,$4644,$5044,$5444,$5544,$5644,$6044,$6444,$6544,$6644
     dw  $0045,$0445,$0545,$0645,$4045,$4445,$4545,$4645,$5045,$5445,$5545,$5645,$6045,$6445,$6545,$6645
     dw  $0046,$0446,$0546,$0646,$4046,$4446,$4546,$4646,$5046,$5446,$5546,$5646,$6046,$6446,$6546,$6646
     dw  $0050,$0450,$0550,$0650,$4050,$4450,$4550,$4650,$5050,$5450,$5550,$5650,$6050,$6450,$6550,$6650
     dw  $0054,$0454,$0554,$0654,$4054,$4454,$4554,$4654,$5054,$5454,$5554,$5654,$6054,$6454,$6554,$6654
     dw  $0055,$0455,$0555,$0655,$4055,$4455,$4555,$4655,$5055,$5455,$5555,$5655,$6055,$6455,$6555,$6655
     dw  $0056,$0456,$0556,$0656,$4056,$4456,$4556,$4656,$5056,$5456,$5556,$5656,$6056,$6456,$6556,$6656
     dw  $0060,$0460,$0560,$0660,$4060,$4460,$4560,$4660,$5060,$5460,$5560,$5660,$6060,$6460,$6560,$6660
     dw  $0064,$0464,$0564,$0664,$4064,$4464,$4564,$4664,$5064,$5464,$5564,$5664,$6064,$6464,$6564,$6664
     dw  $0065,$0465,$0565,$0665,$4065,$4465,$4565,$4665,$5065,$5465,$5565,$5665,$6065,$6465,$6565,$6665
     dw  $0066,$0466,$0566,$0666,$4066,$4466,$4566,$4666,$5066,$5466,$5566,$5666,$6066,$6466,$6566,$6666
L1_S0
     dw  $0000,$0700,$0800,$0900,$7000,$7700,$7800,$7900,$8000,$8700,$8800,$8900,$9000,$9700,$9800,$9900
     dw  $0007,$0707,$0807,$0907,$7007,$7707,$7807,$7907,$8007,$8707,$8807,$8907,$9007,$9707,$9807,$9907
     dw  $0008,$0708,$0808,$0908,$7008,$7708,$7808,$7908,$8008,$8708,$8808,$8908,$9008,$9708,$9808,$9908
     dw  $0009,$0709,$0809,$0909,$7009,$7709,$7809,$7909,$8009,$8709,$8809,$8909,$9009,$9709,$9809,$9909
     dw  $0070,$0770,$0870,$0970,$7070,$7770,$7870,$7970,$8070,$8770,$8870,$8970,$9070,$9770,$9870,$9970
     dw  $0077,$0777,$0877,$0977,$7077,$7777,$7877,$7977,$8077,$8777,$8877,$8977,$9077,$9777,$9877,$9977
     dw  $0078,$0778,$0878,$0978,$7078,$7778,$7878,$7978,$8078,$8778,$8878,$8978,$9078,$9778,$9878,$9978
     dw  $0079,$0779,$0879,$0979,$7079,$7779,$7879,$7979,$8079,$8779,$8879,$8979,$9079,$9779,$9879,$9979
     dw  $0080,$0780,$0880,$0980,$7080,$7780,$7880,$7980,$8080,$8780,$8880,$8980,$9080,$9780,$9880,$9980
     dw  $0087,$0787,$0887,$0987,$7087,$7787,$7887,$7987,$8087,$8787,$8887,$8987,$9087,$9787,$9887,$9987
     dw  $0088,$0788,$0888,$0988,$7088,$7788,$7888,$7988,$8088,$8788,$8888,$8988,$9088,$9788,$9888,$9988
     dw  $0089,$0789,$0889,$0989,$7089,$7789,$7889,$7989,$8089,$8789,$8889,$8989,$9089,$9789,$9889,$9989
     dw  $0090,$0790,$0890,$0990,$7090,$7790,$7890,$7990,$8090,$8790,$8890,$8990,$9090,$9790,$9890,$9990
     dw  $0097,$0797,$0897,$0997,$7097,$7797,$7897,$7997,$8097,$8797,$8897,$8997,$9097,$9797,$9897,$9997
     dw  $0098,$0798,$0898,$0998,$7098,$7798,$7898,$7998,$8098,$8798,$8898,$8998,$9098,$9798,$9898,$9998
     dw  $0099,$0799,$0899,$0999,$7099,$7799,$7899,$7999,$8099,$8799,$8899,$8999,$9099,$9799,$9899,$9999
L1_S1
     dw  $0000,$0800,$0700,$0900,$8000,$8800,$8700,$8900,$7000,$7800,$7700,$7900,$9000,$9800,$9700,$9900
     dw  $0008,$0808,$0708,$0908,$8008,$8808,$8708,$8908,$7008,$7808,$7708,$7908,$9008,$9808,$9708,$9908
     dw  $0007,$0807,$0707,$0907,$8007,$8807,$8707,$8907,$7007,$7807,$7707,$7907,$9007,$9807,$9707,$9907
     dw  $0009,$0809,$0709,$0909,$8009,$8809,$8709,$8909,$7009,$7809,$7709,$7909,$9009,$9809,$9709,$9909
     dw  $0080,$0880,$0780,$0980,$8080,$8880,$8780,$8980,$7080,$7880,$7780,$7980,$9080,$9880,$9780,$9980
     dw  $0088,$0888,$0788,$0988,$8088,$8888,$8788,$8988,$7088,$7888,$7788,$7988,$9088,$9888,$9788,$9988
     dw  $0087,$0887,$0787,$0987,$8087,$8887,$8787,$8987,$7087,$7887,$7787,$7987,$9087,$9887,$9787,$9987
     dw  $0089,$0889,$0789,$0989,$8089,$8889,$8789,$8989,$7089,$7889,$7789,$7989,$9089,$9889,$9789,$9989
     dw  $0070,$0870,$0770,$0970,$8070,$8870,$8770,$8970,$7070,$7870,$7770,$7970,$9070,$9870,$9770,$9970
     dw  $0078,$0878,$0778,$0978,$8078,$8878,$8778,$8978,$7078,$7878,$7778,$7978,$9078,$9878,$9778,$9978
     dw  $0077,$0877,$0777,$0977,$8077,$8877,$8777,$8977,$7077,$7877,$7777,$7977,$9077,$9877,$9777,$9977
     dw  $0079,$0879,$0779,$0979,$8079,$8879,$8779,$8979,$7079,$7879,$7779,$7979,$9079,$9879,$9779,$9979
     dw  $0090,$0890,$0790,$0990,$8090,$8890,$8790,$8990,$7090,$7890,$7790,$7990,$9090,$9890,$9790,$9990
     dw  $0098,$0898,$0798,$0998,$8098,$8898,$8798,$8998,$7098,$7898,$7798,$7998,$9098,$9898,$9798,$9998
     dw  $0097,$0897,$0797,$0997,$8097,$8897,$8797,$8997,$7097,$7897,$7797,$7997,$9097,$9897,$9797,$9997
     dw  $0099,$0899,$0799,$0999,$8099,$8899,$8799,$8999,$7099,$7899,$7799,$7999,$9099,$9899,$9799,$9999
L1_S2
     dw  $0000,$0a00,$0b00,$0c00,$a000,$aa00,$ab00,$ac00,$b000,$ba00,$bb00,$bc00,$c000,$ca00,$cb00,$cc00
     dw  $000a,$0a0a,$0b0a,$0c0a,$a00a,$aa0a,$ab0a,$ac0a,$b00a,$ba0a,$bb0a,$bc0a,$c00a,$ca0a,$cb0a,$cc0a
     dw  $000b,$0a0b,$0b0b,$0c0b,$a00b,$aa0b,$ab0b,$ac0b,$b00b,$ba0b,$bb0b,$bc0b,$c00b,$ca0b,$cb0b,$cc0b
     dw  $000c,$0a0c,$0b0c,$0c0c,$a00c,$aa0c,$ab0c,$ac0c,$b00c,$ba0c,$bb0c,$bc0c,$c00c,$ca0c,$cb0c,$cc0c
     dw  $00a0,$0aa0,$0ba0,$0ca0,$a0a0,$aaa0,$aba0,$aca0,$b0a0,$baa0,$bba0,$bca0,$c0a0,$caa0,$cba0,$cca0
     dw  $00aa,$0aaa,$0baa,$0caa,$a0aa,$aaaa,$abaa,$acaa,$b0aa,$baaa,$bbaa,$bcaa,$c0aa,$caaa,$cbaa,$ccaa
     dw  $00ab,$0aab,$0bab,$0cab,$a0ab,$aaab,$abab,$acab,$b0ab,$baab,$bbab,$bcab,$c0ab,$caab,$cbab,$ccab
     dw  $00ac,$0aac,$0bac,$0cac,$a0ac,$aaac,$abac,$acac,$b0ac,$baac,$bbac,$bcac,$c0ac,$caac,$cbac,$ccac
     dw  $00b0,$0ab0,$0bb0,$0cb0,$a0b0,$aab0,$abb0,$acb0,$b0b0,$bab0,$bbb0,$bcb0,$c0b0,$cab0,$cbb0,$ccb0
     dw  $00ba,$0aba,$0bba,$0cba,$a0ba,$aaba,$abba,$acba,$b0ba,$baba,$bbba,$bcba,$c0ba,$caba,$cbba,$ccba
     dw  $00bb,$0abb,$0bbb,$0cbb,$a0bb,$aabb,$abbb,$acbb,$b0bb,$babb,$bbbb,$bcbb,$c0bb,$cabb,$cbbb,$ccbb
     dw  $00bc,$0abc,$0bbc,$0cbc,$a0bc,$aabc,$abbc,$acbc,$b0bc,$babc,$bbbc,$bcbc,$c0bc,$cabc,$cbbc,$ccbc
     dw  $00c0,$0ac0,$0bc0,$0cc0,$a0c0,$aac0,$abc0,$acc0,$b0c0,$bac0,$bbc0,$bcc0,$c0c0,$cac0,$cbc0,$ccc0
     dw  $00ca,$0aca,$0bca,$0cca,$a0ca,$aaca,$abca,$acca,$b0ca,$baca,$bbca,$bcca,$c0ca,$caca,$cbca,$ccca
     dw  $00cb,$0acb,$0bcb,$0ccb,$a0cb,$aacb,$abcb,$accb,$b0cb,$bacb,$bbcb,$bccb,$c0cb,$cacb,$cbcb,$cccb
     dw  $00cc,$0acc,$0bcc,$0ccc,$a0cc,$aacc,$abcc,$accc,$b0cc,$bacc,$bbcc,$bccc,$c0cc,$cacc,$cbcc,$cccc
L1_S3
     dw  $0000,$0d00,$0e00,$0f00,$d000,$dd00,$de00,$df00,$e000,$ed00,$ee00,$ef00,$f000,$fd00,$fe00,$ff00
     dw  $000d,$0d0d,$0e0d,$0f0d,$d00d,$dd0d,$de0d,$df0d,$e00d,$ed0d,$ee0d,$ef0d,$f00d,$fd0d,$fe0d,$ff0d
     dw  $000e,$0d0e,$0e0e,$0f0e,$d00e,$dd0e,$de0e,$df0e,$e00e,$ed0e,$ee0e,$ef0e,$f00e,$fd0e,$fe0e,$ff0e
     dw  $000f,$0d0f,$0e0f,$0f0f,$d00f,$dd0f,$de0f,$df0f,$e00f,$ed0f,$ee0f,$ef0f,$f00f,$fd0f,$fe0f,$ff0f
     dw  $00d0,$0dd0,$0ed0,$0fd0,$d0d0,$ddd0,$ded0,$dfd0,$e0d0,$edd0,$eed0,$efd0,$f0d0,$fdd0,$fed0,$ffd0
     dw  $00dd,$0ddd,$0edd,$0fdd,$d0dd,$dddd,$dedd,$dfdd,$e0dd,$eddd,$eedd,$efdd,$f0dd,$fddd,$fedd,$ffdd
     dw  $00de,$0dde,$0ede,$0fde,$d0de,$ddde,$dede,$dfde,$e0de,$edde,$eede,$efde,$f0de,$fdde,$fede,$ffde
     dw  $00df,$0ddf,$0edf,$0fdf,$d0df,$dddf,$dedf,$dfdf,$e0df,$eddf,$eedf,$efdf,$f0df,$fddf,$fedf,$ffdf
     dw  $00e0,$0de0,$0ee0,$0fe0,$d0e0,$dde0,$dee0,$dfe0,$e0e0,$ede0,$eee0,$efe0,$f0e0,$fde0,$fee0,$ffe0
     dw  $00ed,$0ded,$0eed,$0fed,$d0ed,$dded,$deed,$dfed,$e0ed,$eded,$eeed,$efed,$f0ed,$fded,$feed,$ffed
     dw  $00ee,$0dee,$0eee,$0fee,$d0ee,$ddee,$deee,$dfee,$e0ee,$edee,$eeee,$efee,$f0ee,$fdee,$feee,$ffee
     dw  $00ef,$0def,$0eef,$0fef,$d0ef,$ddef,$deef,$dfef,$e0ef,$edef,$eeef,$efef,$f0ef,$fdef,$feef,$ffef
     dw  $00f0,$0df0,$0ef0,$0ff0,$d0f0,$ddf0,$def0,$dff0,$e0f0,$edf0,$eef0,$eff0,$f0f0,$fdf0,$fef0,$fff0
     dw  $00fd,$0dfd,$0efd,$0ffd,$d0fd,$ddfd,$defd,$dffd,$e0fd,$edfd,$eefd,$effd,$f0fd,$fdfd,$fefd,$fffd
     dw  $00fe,$0dfe,$0efe,$0ffe,$d0fe,$ddfe,$defe,$dffe,$e0fe,$edfe,$eefe,$effe,$f0fe,$fdfe,$fefe,$fffe
     dw  $00ff,$0dff,$0eff,$0fff,$d0ff,$ddff,$deff,$dfff,$e0ff,$edff,$eeff,$efff,$f0ff,$fdff,$feff,$ffff
