AT1_T0
     dw  $0000,$0200,$0300,$0400,$2000,$2200,$2300,$2400,$3000,$3200,$3300,$3400,$4000,$4200,$4300,$4400
     dw  $0002,$0202,$0302,$0402,$2002,$2202,$2302,$2402,$3002,$3202,$3302,$3402,$4002,$4202,$4302,$4402
     dw  $0003,$0203,$0303,$0403,$2003,$2203,$2303,$2403,$3003,$3203,$3303,$3403,$4003,$4203,$4303,$4403
     dw  $0004,$0204,$0304,$0404,$2004,$2204,$2304,$2404,$3004,$3204,$3304,$3404,$4004,$4204,$4304,$4404
     dw  $0020,$0220,$0320,$0420,$2020,$2220,$2320,$2420,$3020,$3220,$3320,$3420,$4020,$4220,$4320,$4420
     dw  $0022,$0222,$0322,$0422,$2022,$2222,$2322,$2422,$3022,$3222,$3322,$3422,$4022,$4222,$4322,$4422
     dw  $0023,$0223,$0323,$0423,$2023,$2223,$2323,$2423,$3023,$3223,$3323,$3423,$4023,$4223,$4323,$4423
     dw  $0024,$0224,$0324,$0424,$2024,$2224,$2324,$2424,$3024,$3224,$3324,$3424,$4024,$4224,$4324,$4424
     dw  $0030,$0230,$0330,$0430,$2030,$2230,$2330,$2430,$3030,$3230,$3330,$3430,$4030,$4230,$4330,$4430
     dw  $0032,$0232,$0332,$0432,$2032,$2232,$2332,$2432,$3032,$3232,$3332,$3432,$4032,$4232,$4332,$4432
     dw  $0033,$0233,$0333,$0433,$2033,$2233,$2333,$2433,$3033,$3233,$3333,$3433,$4033,$4233,$4333,$4433
     dw  $0034,$0234,$0334,$0434,$2034,$2234,$2334,$2434,$3034,$3234,$3334,$3434,$4034,$4234,$4334,$4434
     dw  $0040,$0240,$0340,$0440,$2040,$2240,$2340,$2440,$3040,$3240,$3340,$3440,$4040,$4240,$4340,$4440
     dw  $0042,$0242,$0342,$0442,$2042,$2242,$2342,$2442,$3042,$3242,$3342,$3442,$4042,$4242,$4342,$4442
     dw  $0043,$0243,$0343,$0443,$2043,$2243,$2343,$2443,$3043,$3243,$3343,$3443,$4043,$4243,$4343,$4443
     dw  $0044,$0244,$0344,$0444,$2044,$2244,$2344,$2444,$3044,$3244,$3344,$3444,$4044,$4244,$4344,$4444
AT1_T1
     dw  $0000,$0500,$0600,$0400,$5000,$5500,$5600,$5400,$6000,$6500,$6600,$6400,$4000,$4500,$4600,$4400
     dw  $0005,$0505,$0605,$0405,$5005,$5505,$5605,$5405,$6005,$6505,$6605,$6405,$4005,$4505,$4605,$4405
     dw  $0006,$0506,$0606,$0406,$5006,$5506,$5606,$5406,$6006,$6506,$6606,$6406,$4006,$4506,$4606,$4406
     dw  $0004,$0504,$0604,$0404,$5004,$5504,$5604,$5404,$6004,$6504,$6604,$6404,$4004,$4504,$4604,$4404
     dw  $0050,$0550,$0650,$0450,$5050,$5550,$5650,$5450,$6050,$6550,$6650,$6450,$4050,$4550,$4650,$4450
     dw  $0055,$0555,$0655,$0455,$5055,$5555,$5655,$5455,$6055,$6555,$6655,$6455,$4055,$4555,$4655,$4455
     dw  $0056,$0556,$0656,$0456,$5056,$5556,$5656,$5456,$6056,$6556,$6656,$6456,$4056,$4556,$4656,$4456
     dw  $0054,$0554,$0654,$0454,$5054,$5554,$5654,$5454,$6054,$6554,$6654,$6454,$4054,$4554,$4654,$4454
     dw  $0060,$0560,$0660,$0460,$5060,$5560,$5660,$5460,$6060,$6560,$6660,$6460,$4060,$4560,$4660,$4460
     dw  $0065,$0565,$0665,$0465,$5065,$5565,$5665,$5465,$6065,$6565,$6665,$6465,$4065,$4565,$4665,$4465
     dw  $0066,$0566,$0666,$0466,$5066,$5566,$5666,$5466,$6066,$6566,$6666,$6466,$4066,$4566,$4666,$4466
     dw  $0064,$0564,$0664,$0464,$5064,$5564,$5664,$5464,$6064,$6564,$6664,$6464,$4064,$4564,$4664,$4464
     dw  $0040,$0540,$0640,$0440,$5040,$5540,$5640,$5440,$6040,$6540,$6640,$6440,$4040,$4540,$4640,$4440
     dw  $0045,$0545,$0645,$0445,$5045,$5545,$5645,$5445,$6045,$6545,$6645,$6445,$4045,$4545,$4645,$4445
     dw  $0046,$0546,$0646,$0446,$5046,$5546,$5646,$5446,$6046,$6546,$6646,$6446,$4046,$4546,$4646,$4446
     dw  $0044,$0544,$0644,$0444,$5044,$5544,$5644,$5444,$6044,$6544,$6644,$6444,$4044,$4544,$4644,$4444
AT1_T2
     dw  $0000,$0700,$0800,$0400,$7000,$7700,$7800,$7400,$8000,$8700,$8800,$8400,$4000,$4700,$4800,$4400
     dw  $0007,$0707,$0807,$0407,$7007,$7707,$7807,$7407,$8007,$8707,$8807,$8407,$4007,$4707,$4807,$4407
     dw  $0008,$0708,$0808,$0408,$7008,$7708,$7808,$7408,$8008,$8708,$8808,$8408,$4008,$4708,$4808,$4408
     dw  $0004,$0704,$0804,$0404,$7004,$7704,$7804,$7404,$8004,$8704,$8804,$8404,$4004,$4704,$4804,$4404
     dw  $0070,$0770,$0870,$0470,$7070,$7770,$7870,$7470,$8070,$8770,$8870,$8470,$4070,$4770,$4870,$4470
     dw  $0077,$0777,$0877,$0477,$7077,$7777,$7877,$7477,$8077,$8777,$8877,$8477,$4077,$4777,$4877,$4477
     dw  $0078,$0778,$0878,$0478,$7078,$7778,$7878,$7478,$8078,$8778,$8878,$8478,$4078,$4778,$4878,$4478
     dw  $0074,$0774,$0874,$0474,$7074,$7774,$7874,$7474,$8074,$8774,$8874,$8474,$4074,$4774,$4874,$4474
     dw  $0080,$0780,$0880,$0480,$7080,$7780,$7880,$7480,$8080,$8780,$8880,$8480,$4080,$4780,$4880,$4480
     dw  $0087,$0787,$0887,$0487,$7087,$7787,$7887,$7487,$8087,$8787,$8887,$8487,$4087,$4787,$4887,$4487
     dw  $0088,$0788,$0888,$0488,$7088,$7788,$7888,$7488,$8088,$8788,$8888,$8488,$4088,$4788,$4888,$4488
     dw  $0084,$0784,$0884,$0484,$7084,$7784,$7884,$7484,$8084,$8784,$8884,$8484,$4084,$4784,$4884,$4484
     dw  $0040,$0740,$0840,$0440,$7040,$7740,$7840,$7440,$8040,$8740,$8840,$8440,$4040,$4740,$4840,$4440
     dw  $0047,$0747,$0847,$0447,$7047,$7747,$7847,$7447,$8047,$8747,$8847,$8447,$4047,$4747,$4847,$4447
     dw  $0048,$0748,$0848,$0448,$7048,$7748,$7848,$7448,$8048,$8748,$8848,$8448,$4048,$4748,$4848,$4448
     dw  $0044,$0744,$0844,$0444,$7044,$7744,$7844,$7444,$8044,$8744,$8844,$8444,$4044,$4744,$4844,$4444
AT1_T3
     dw  $0000,$0100,$0600,$0400,$1000,$1100,$1600,$1400,$6000,$6100,$6600,$6400,$4000,$4100,$4600,$4400
     dw  $0001,$0101,$0601,$0401,$1001,$1101,$1601,$1401,$6001,$6101,$6601,$6401,$4001,$4101,$4601,$4401
     dw  $0006,$0106,$0606,$0406,$1006,$1106,$1606,$1406,$6006,$6106,$6606,$6406,$4006,$4106,$4606,$4406
     dw  $0004,$0104,$0604,$0404,$1004,$1104,$1604,$1404,$6004,$6104,$6604,$6404,$4004,$4104,$4604,$4404
     dw  $0010,$0110,$0610,$0410,$1010,$1110,$1610,$1410,$6010,$6110,$6610,$6410,$4010,$4110,$4610,$4410
     dw  $0011,$0111,$0611,$0411,$1011,$1111,$1611,$1411,$6011,$6111,$6611,$6411,$4011,$4111,$4611,$4411
     dw  $0016,$0116,$0616,$0416,$1016,$1116,$1616,$1416,$6016,$6116,$6616,$6416,$4016,$4116,$4616,$4416
     dw  $0014,$0114,$0614,$0414,$1014,$1114,$1614,$1414,$6014,$6114,$6614,$6414,$4014,$4114,$4614,$4414
     dw  $0060,$0160,$0660,$0460,$1060,$1160,$1660,$1460,$6060,$6160,$6660,$6460,$4060,$4160,$4660,$4460
     dw  $0061,$0161,$0661,$0461,$1061,$1161,$1661,$1461,$6061,$6161,$6661,$6461,$4061,$4161,$4661,$4461
     dw  $0066,$0166,$0666,$0466,$1066,$1166,$1666,$1466,$6066,$6166,$6666,$6466,$4066,$4166,$4666,$4466
     dw  $0064,$0164,$0664,$0464,$1064,$1164,$1664,$1464,$6064,$6164,$6664,$6464,$4064,$4164,$4664,$4464
     dw  $0040,$0140,$0640,$0440,$1040,$1140,$1640,$1440,$6040,$6140,$6640,$6440,$4040,$4140,$4640,$4440
     dw  $0041,$0141,$0641,$0441,$1041,$1141,$1641,$1441,$6041,$6141,$6641,$6441,$4041,$4141,$4641,$4441
     dw  $0046,$0146,$0646,$0446,$1046,$1146,$1646,$1446,$6046,$6146,$6646,$6446,$4046,$4146,$4646,$4446
     dw  $0044,$0144,$0644,$0444,$1044,$1144,$1644,$1444,$6044,$6144,$6644,$6444,$4044,$4144,$4644,$4444
AT1_S0
     dw  $0000,$0e00,$0900,$0f00,$e000,$ee00,$e900,$ef00,$9000,$9e00,$9900,$9f00,$f000,$fe00,$f900,$ff00
     dw  $000e,$0e0e,$090e,$0f0e,$e00e,$ee0e,$e90e,$ef0e,$900e,$9e0e,$990e,$9f0e,$f00e,$fe0e,$f90e,$ff0e
     dw  $0009,$0e09,$0909,$0f09,$e009,$ee09,$e909,$ef09,$9009,$9e09,$9909,$9f09,$f009,$fe09,$f909,$ff09
     dw  $000f,$0e0f,$090f,$0f0f,$e00f,$ee0f,$e90f,$ef0f,$900f,$9e0f,$990f,$9f0f,$f00f,$fe0f,$f90f,$ff0f
     dw  $00e0,$0ee0,$09e0,$0fe0,$e0e0,$eee0,$e9e0,$efe0,$90e0,$9ee0,$99e0,$9fe0,$f0e0,$fee0,$f9e0,$ffe0
     dw  $00ee,$0eee,$09ee,$0fee,$e0ee,$eeee,$e9ee,$efee,$90ee,$9eee,$99ee,$9fee,$f0ee,$feee,$f9ee,$ffee
     dw  $00e9,$0ee9,$09e9,$0fe9,$e0e9,$eee9,$e9e9,$efe9,$90e9,$9ee9,$99e9,$9fe9,$f0e9,$fee9,$f9e9,$ffe9
     dw  $00ef,$0eef,$09ef,$0fef,$e0ef,$eeef,$e9ef,$efef,$90ef,$9eef,$99ef,$9fef,$f0ef,$feef,$f9ef,$ffef
     dw  $0090,$0e90,$0990,$0f90,$e090,$ee90,$e990,$ef90,$9090,$9e90,$9990,$9f90,$f090,$fe90,$f990,$ff90
     dw  $009e,$0e9e,$099e,$0f9e,$e09e,$ee9e,$e99e,$ef9e,$909e,$9e9e,$999e,$9f9e,$f09e,$fe9e,$f99e,$ff9e
     dw  $0099,$0e99,$0999,$0f99,$e099,$ee99,$e999,$ef99,$9099,$9e99,$9999,$9f99,$f099,$fe99,$f999,$ff99
     dw  $009f,$0e9f,$099f,$0f9f,$e09f,$ee9f,$e99f,$ef9f,$909f,$9e9f,$999f,$9f9f,$f09f,$fe9f,$f99f,$ff9f
     dw  $00f0,$0ef0,$09f0,$0ff0,$e0f0,$eef0,$e9f0,$eff0,$90f0,$9ef0,$99f0,$9ff0,$f0f0,$fef0,$f9f0,$fff0
     dw  $00fe,$0efe,$09fe,$0ffe,$e0fe,$eefe,$e9fe,$effe,$90fe,$9efe,$99fe,$9ffe,$f0fe,$fefe,$f9fe,$fffe
     dw  $00f9,$0ef9,$09f9,$0ff9,$e0f9,$eef9,$e9f9,$eff9,$90f9,$9ef9,$99f9,$9ff9,$f0f9,$fef9,$f9f9,$fff9
     dw  $00ff,$0eff,$09ff,$0fff,$e0ff,$eeff,$e9ff,$efff,$90ff,$9eff,$99ff,$9fff,$f0ff,$feff,$f9ff,$ffff
AT1_S1
     dw  $0000,$0a00,$0700,$0900,$a000,$aa00,$a700,$a900,$7000,$7a00,$7700,$7900,$9000,$9a00,$9700,$9900
     dw  $000a,$0a0a,$070a,$090a,$a00a,$aa0a,$a70a,$a90a,$700a,$7a0a,$770a,$790a,$900a,$9a0a,$970a,$990a
     dw  $0007,$0a07,$0707,$0907,$a007,$aa07,$a707,$a907,$7007,$7a07,$7707,$7907,$9007,$9a07,$9707,$9907
     dw  $0009,$0a09,$0709,$0909,$a009,$aa09,$a709,$a909,$7009,$7a09,$7709,$7909,$9009,$9a09,$9709,$9909
     dw  $00a0,$0aa0,$07a0,$09a0,$a0a0,$aaa0,$a7a0,$a9a0,$70a0,$7aa0,$77a0,$79a0,$90a0,$9aa0,$97a0,$99a0
     dw  $00aa,$0aaa,$07aa,$09aa,$a0aa,$aaaa,$a7aa,$a9aa,$70aa,$7aaa,$77aa,$79aa,$90aa,$9aaa,$97aa,$99aa
     dw  $00a7,$0aa7,$07a7,$09a7,$a0a7,$aaa7,$a7a7,$a9a7,$70a7,$7aa7,$77a7,$79a7,$90a7,$9aa7,$97a7,$99a7
     dw  $00a9,$0aa9,$07a9,$09a9,$a0a9,$aaa9,$a7a9,$a9a9,$70a9,$7aa9,$77a9,$79a9,$90a9,$9aa9,$97a9,$99a9
     dw  $0070,$0a70,$0770,$0970,$a070,$aa70,$a770,$a970,$7070,$7a70,$7770,$7970,$9070,$9a70,$9770,$9970
     dw  $007a,$0a7a,$077a,$097a,$a07a,$aa7a,$a77a,$a97a,$707a,$7a7a,$777a,$797a,$907a,$9a7a,$977a,$997a
     dw  $0077,$0a77,$0777,$0977,$a077,$aa77,$a777,$a977,$7077,$7a77,$7777,$7977,$9077,$9a77,$9777,$9977
     dw  $0079,$0a79,$0779,$0979,$a079,$aa79,$a779,$a979,$7079,$7a79,$7779,$7979,$9079,$9a79,$9779,$9979
     dw  $0090,$0a90,$0790,$0990,$a090,$aa90,$a790,$a990,$7090,$7a90,$7790,$7990,$9090,$9a90,$9790,$9990
     dw  $009a,$0a9a,$079a,$099a,$a09a,$aa9a,$a79a,$a99a,$709a,$7a9a,$779a,$799a,$909a,$9a9a,$979a,$999a
     dw  $0097,$0a97,$0797,$0997,$a097,$aa97,$a797,$a997,$7097,$7a97,$7797,$7997,$9097,$9a97,$9797,$9997
     dw  $0099,$0a99,$0799,$0999,$a099,$aa99,$a799,$a999,$7099,$7a99,$7799,$7999,$9099,$9a99,$9799,$9999
AT1_S2
     dw  $0000,$0b00,$0700,$0900,$b000,$bb00,$b700,$b900,$7000,$7b00,$7700,$7900,$9000,$9b00,$9700,$9900
     dw  $000b,$0b0b,$070b,$090b,$b00b,$bb0b,$b70b,$b90b,$700b,$7b0b,$770b,$790b,$900b,$9b0b,$970b,$990b
     dw  $0007,$0b07,$0707,$0907,$b007,$bb07,$b707,$b907,$7007,$7b07,$7707,$7907,$9007,$9b07,$9707,$9907
     dw  $0009,$0b09,$0709,$0909,$b009,$bb09,$b709,$b909,$7009,$7b09,$7709,$7909,$9009,$9b09,$9709,$9909
     dw  $00b0,$0bb0,$07b0,$09b0,$b0b0,$bbb0,$b7b0,$b9b0,$70b0,$7bb0,$77b0,$79b0,$90b0,$9bb0,$97b0,$99b0
     dw  $00bb,$0bbb,$07bb,$09bb,$b0bb,$bbbb,$b7bb,$b9bb,$70bb,$7bbb,$77bb,$79bb,$90bb,$9bbb,$97bb,$99bb
     dw  $00b7,$0bb7,$07b7,$09b7,$b0b7,$bbb7,$b7b7,$b9b7,$70b7,$7bb7,$77b7,$79b7,$90b7,$9bb7,$97b7,$99b7
     dw  $00b9,$0bb9,$07b9,$09b9,$b0b9,$bbb9,$b7b9,$b9b9,$70b9,$7bb9,$77b9,$79b9,$90b9,$9bb9,$97b9,$99b9
     dw  $0070,$0b70,$0770,$0970,$b070,$bb70,$b770,$b970,$7070,$7b70,$7770,$7970,$9070,$9b70,$9770,$9970
     dw  $007b,$0b7b,$077b,$097b,$b07b,$bb7b,$b77b,$b97b,$707b,$7b7b,$777b,$797b,$907b,$9b7b,$977b,$997b
     dw  $0077,$0b77,$0777,$0977,$b077,$bb77,$b777,$b977,$7077,$7b77,$7777,$7977,$9077,$9b77,$9777,$9977
     dw  $0079,$0b79,$0779,$0979,$b079,$bb79,$b779,$b979,$7079,$7b79,$7779,$7979,$9079,$9b79,$9779,$9979
     dw  $0090,$0b90,$0790,$0990,$b090,$bb90,$b790,$b990,$7090,$7b90,$7790,$7990,$9090,$9b90,$9790,$9990
     dw  $009b,$0b9b,$079b,$099b,$b09b,$bb9b,$b79b,$b99b,$709b,$7b9b,$779b,$799b,$909b,$9b9b,$979b,$999b
     dw  $0097,$0b97,$0797,$0997,$b097,$bb97,$b797,$b997,$7097,$7b97,$7797,$7997,$9097,$9b97,$9797,$9997
     dw  $0099,$0b99,$0799,$0999,$b099,$bb99,$b799,$b999,$7099,$7b99,$7799,$7999,$9099,$9b99,$9799,$9999
AT1_S3
     dw  $0000,$0400,$0500,$0600,$4000,$4400,$4500,$4600,$5000,$5400,$5500,$5600,$6000,$6400,$6500,$6600
     dw  $0004,$0404,$0504,$0604,$4004,$4404,$4504,$4604,$5004,$5404,$5504,$5604,$6004,$6404,$6504,$6604
     dw  $0005,$0405,$0505,$0605,$4005,$4405,$4505,$4605,$5005,$5405,$5505,$5605,$6005,$6405,$6505,$6605
     dw  $0006,$0406,$0506,$0606,$4006,$4406,$4506,$4606,$5006,$5406,$5506,$5606,$6006,$6406,$6506,$6606
     dw  $0040,$0440,$0540,$0640,$4040,$4440,$4540,$4640,$5040,$5440,$5540,$5640,$6040,$6440,$6540,$6640
     dw  $0044,$0444,$0544,$0644,$4044,$4444,$4544,$4644,$5044,$5444,$5544,$5644,$6044,$6444,$6544,$6644
     dw  $0045,$0445,$0545,$0645,$4045,$4445,$4545,$4645,$5045,$5445,$5545,$5645,$6045,$6445,$6545,$6645
     dw  $0046,$0446,$0546,$0646,$4046,$4446,$4546,$4646,$5046,$5446,$5546,$5646,$6046,$6446,$6546,$6646
     dw  $0050,$0450,$0550,$0650,$4050,$4450,$4550,$4650,$5050,$5450,$5550,$5650,$6050,$6450,$6550,$6650
     dw  $0054,$0454,$0554,$0654,$4054,$4454,$4554,$4654,$5054,$5454,$5554,$5654,$6054,$6454,$6554,$6654
     dw  $0055,$0455,$0555,$0655,$4055,$4455,$4555,$4655,$5055,$5455,$5555,$5655,$6055,$6455,$6555,$6655
     dw  $0056,$0456,$0556,$0656,$4056,$4456,$4556,$4656,$5056,$5456,$5556,$5656,$6056,$6456,$6556,$6656
     dw  $0060,$0460,$0560,$0660,$4060,$4460,$4560,$4660,$5060,$5460,$5560,$5660,$6060,$6460,$6560,$6660
     dw  $0064,$0464,$0564,$0664,$4064,$4464,$4564,$4664,$5064,$5464,$5564,$5664,$6064,$6464,$6564,$6664
     dw  $0065,$0465,$0565,$0665,$4065,$4465,$4565,$4665,$5065,$5465,$5565,$5665,$6065,$6465,$6565,$6665
     dw  $0066,$0466,$0566,$0666,$4066,$4466,$4566,$4666,$5066,$5466,$5566,$5666,$6066,$6466,$6566,$6666